3.1445955791108586
3.1344043308328309
3.1399098619936736
3.1501882465207474
3.1462584625004508
3.1415129033289628
3.1493868584462805
3.1438807141770062
3.1444909109845298
3.1442281908741259
3.1497994062424777
3.1463309179710959
3.1446774600454108
3.1391630635454715
3.1514819672920251
3.1391963075101690
3.1416941042802677
3.1407058673071773
3.1512177506720698
3.1412139246176491
3.1498267620544738
3.1374895986686298
3.1486267138522952
3.1382591950395131
3.1412353949898271
3.1482477084802256
3.1413193806010122
3.1386740287344383
3.1430841016775517
3.1373047366717417
3.1518222599952694
3.1393291927451781
3.1372176853387774
3.1357758534647617
3.1414583983546605
3.1421791845064222
3.1316676842529518
3.1500849386198277
3.1400869822437900
3.1448981878721907
3.1491826268130461
3.1392519927405877
3.1446178734173160
3.1481477025737270
3.1289239275925809
3.1527942233050625
3.1361699918948811
3.1369104677914113
3.1502966883168950
3.1470866356271086
3.1399956803801263
3.1469386610697665
3.1433584621786870
3.1377416739553254
3.1457834509157010
3.1364177601611072
3.1345289153982723
3.1347218560506196
3.1465225251225566
3.1469704376257144
3.1371251218304121
3.1367638426922326
3.1445876732461144
3.1413853073463267
3.1330574356682206
3.1423023023023022
3.1470348041217302
3.1586282883361081
3.1390380956948509
3.1369446864981971
3.1442326547436581
3.1276122880596482
3.1378915080398437
3.1478608264979422
3.1434815674658769
3.1417563698597273
3.1312884267811474
3.1421411772234933
3.1387376148549770
3.1367857114342059
3.1301606419296175
3.1403487711379481
3.1507817107369385
3.1379704446096177
3.1424189763836279
3.1414673173853909
3.1385194308702502
3.1386395427840612
3.1456983884729550
3.1445952925256133
3.1420879784633970
3.1492350670744171
3.1400582060076916
3.1478659329664831
3.1383904317535394
3.1382124864664029
3.1318427816536025
3.1453037302737457
3.1329812923337284
3.1458862051573546
3.1470912097636372
3.1522112529095434
3.1440695615953347
3.1494748830065804
3.1365636304110005
3.1516913637183936
3.1342329035091221
3.1402595844249346
3.1359876338567108
3.1399460377735586
3.1398497624038018
3.1422882548618221
3.1304216014392447
3.1414586940613343
3.1508620689655173
3.1361292073832789
3.1337043350512790
3.1418808616881662
3.1427062494998799
3.1445247470866948
3.1361543739827020
3.1407179880975233
3.1349768961344457
3.1333891847685158
3.1409870695173474
3.1426577844598702
3.1414032437875354
3.1507344542193545
3.1470112179487177
3.1458874684198093
3.1408875708860102
3.1428702870287029
3.1441567697864197
3.1486212774491125
3.1336562361605949
3.1448450221168023
3.1370365931607544
3.1419420404668452
3.1363220713256053
3.1402047836173108
3.1485430163747892
3.1434252587527856
3.1301240168544924
3.1405555377874435
3.1438425457555415
3.1377501907261172
3.1343982747948322
3.1421670255429173
3.1366926292172512
3.1410700069210797
3.1406444956329782
3.1394295717791509
3.1439113800445022
3.1457362665513875
3.1449801915550730
3.1327676287104409
3.1431486950466998
3.1383709126949237
3.1451227277642282
3.1475999518787345
3.1386787473610132
3.1397626136509156
3.1309168766546520
3.1335774634403197
3.1440122910973565
3.1470739096286087
3.1404674656234142
3.1381023169571853
3.1309872572114137
3.1393448521239935
3.1348647440196737
3.1418640113023746
3.1389547127438093
3.1409879711691833
3.1408913682442563
3.1440251522012175
3.1326245349008786
3.1458088076303965
3.1430074363866920
3.1371651366617930
3.1425816261203585
3.1387820845890055
3.1494611969568758
3.1446486218028311
3.1395270769808699
3.1416472301457441
3.1454422330233247
3.1325760600495087
3.1413930491551461
3.1448487835763776
3.1473774424406984
3.1399751980158412
3.1514458657745581
3.1292518903930584
3.1514194065757817
3.1418824009636510
3.1396511418809565
3.1447899159663866
3.1466751052486108
3.1317605412020777
3.1407124580201504
3.1470099101951181
3.1404657409405954
3.1403896581497235
3.1435814325730291
3.1376504627779465
3.1409038405429279
3.1385196664217019
3.1402805290433600
3.1453430872042505
3.1412559281504171
3.1428491410007120
3.1388653750938333
3.1514294312368341
3.1421386765599513
3.1461950121371864
3.1396715678440148
3.1365970010907303
3.1418706566331061
3.1435974717738864
3.1378544523489023
3.1449294522029660
3.1459359260771738
3.1426434174577076
3.1467574604446225
3.1434456883897108
3.1559700443712733
3.1282070697007134
3.1476526743561588
3.1363149309109519
3.1398199019537278
3.1547385365109566
3.1271778322277335
3.1545745885641310
3.1360132532284783
3.1463027343045145
3.1453228015925787
3.1354070120489630
3.1480356484524021
3.1459111639658688
3.1341483851918057
3.1546820326795286
3.1424368688384825
3.1397675403886582
3.1490516208406971
3.1459038523936758
3.1401518635067753
3.1482177262039710
3.1465600076871336
3.1389852038859773
3.1470192631022722
3.1416644309276780
3.1458400952071837
3.1424232723780561
3.1467280736884260
3.1378078030060763
3.1394622688655671
3.1384501668098368
3.1563037364403375
3.1374524342864443
3.1389200787983649
3.1375062000992018
3.1405682358630447
3.1361646549451603
3.1533399144455414
3.1428091491923067
3.1435992044276722
3.1374924094729777
3.1358879176146570
3.1458509372985137
3.1529199011997178
3.1487015354048413
3.1387052682903436
3.1337298419287882
3.1365724466317269
3.1447466862974949
3.1300766635022694
3.1334142049376901
3.1396332468487773
3.1414078807412089
3.1368009645172621
3.1459976593561625
3.1466349427607807
3.1456297845236807
3.1450818095863848
3.1414583808301035
3.1464411834262602
3.1375262991899651
3.1433644119024646
3.1465728617445792
3.1406938171935574
3.1500907782885585
3.1331470429731940
3.1395218722275064
3.1450727367450808
3.1387076657392305
3.1420514317942727
3.1412458733343458
3.1555325434286998
3.1281010823424471
3.1500969582358409
3.1317079977673230
3.1481221804661894
3.1354051010056634
3.1460120145839920
3.1398005077258282
3.1353606275186414
3.1382854678465324
3.1415062641002258
3.1434319574008089
3.1358597113395477
3.1439618750125149
3.1367974252902937
3.1490021639817263
3.1463260270460807
3.1388669080561749
3.1439567789245193
3.1380205317819367
3.1381479617513839
3.1383418964035106
3.1466943970249974
3.1360553998035128
3.1293692213845152
3.1440015685835130
3.1414807586168281
3.1375821224763825
3.1447953113365412
3.1360546390065345
3.1344657577995569
3.1501399616609320
3.1447929013037768
3.1328934403012760
3.1380509189141668
3.1342288573092789
3.1479778417761826
3.1380248227092191
3.1339863020259591
3.1484133057165864
3.1326000781642565
3.1398199379537530
3.1421204034519872
3.1394896894231117
3.1459089980819361
3.1374214452084073
3.1378655753690721
3.1390691948583487
3.1382081012617769
3.1282510853546821
3.1428097030899291
3.1575902220293628
3.1395911189272367
3.1421626876957980
3.1330230924576346
3.1379539008508770
3.1345474150841670
3.1394566664933672
3.1440787550993448
3.1366191559867449
3.1450724080481867
3.1459269944304205
3.1504327875690894
3.1518093273564198
3.1467977807353718
3.1414143028365960
3.1493742511250655
3.1370566079937374
3.1249761039954120
3.1293167315919033
3.1428508489103746
3.1412576846514826
3.1426375271731515
3.1507993500892626
3.1473478745320604
3.1477284561833576
3.1428445699701166
3.1430598864635804
3.1347998306966196
3.1437780527160837
3.1360255642101058
3.1450195253950044
3.1493314533379264
3.1458651975111906
3.1327294493216282
3.1416632311208419
3.1379938772410818
3.1368773628970765
3.1415604936296178
3.1317023339704630
3.1454635720491497
3.1385357824846793
3.1398765994517306
3.1413704111233369
3.1457443654806068
3.1553934713145684
3.1382538045086328
3.1409693744874079
3.1391042222213339
3.1387849121796716
3.1345644120840519
3.1407857642707189
3.1379343436362910
3.1377111368446271
3.1398241904084236
3.1356056155662921
3.1426937352018940
3.1439778421735163
3.1408605031532053
3.1416298556582447
3.1466007000268625
3.1563045861391865
3.1459644853903446
3.1405325916690643
3.1385517370922038
3.1476805931269412
3.1428079531714190
3.1437997733797252
3.1422437767347313
3.1410102513624469
3.1443849625023526
3.1480200262152618
3.1394277080743604
3.1399166596750288
3.1460971097710400
3.1471404930861357
3.1409862279877672
3.1513029387817313
3.1407798784335337
3.1344020368419372
3.1351560876584452
3.1334903118951170
3.1390788873689011
3.1348240132564036
3.1422864942103179
3.1385746403057251
3.1370124033794715
3.1442510495751672
3.1359537858601030
3.1424212452598996
3.1392623357500682
3.1329355265887009
3.1414582808116944
3.1279389909115900
3.1460149526871990
3.1324799808295225
3.1560509298309034
3.1436408857894609
3.1334981852989272
3.1341829444493228
3.1409372378250970
3.1465666913931716
3.1461051704113099
3.1384865568949603
3.1332022070704451
3.1256424649953618
3.1465720850913925
3.1346171491947228
3.1404015242086070
3.1384580948421963
3.1348958748902898
3.1352246296732189
3.1319745568167328
3.1380829688217786
3.1398568687030224
3.1450802730244183
3.1408615645334059
3.1465719998237018
3.1388672491420673
3.1466083063196071
3.1372177747950722
3.1420099176197711
3.1434451804915513
3.1332011758558660
3.1522709393613435
3.1468397761708542
3.1435092678981151
3.1454084797931485
3.1495244246360476
3.1398610344855156
3.1311527013511737
3.1464930903264570
3.1409899944391326
3.1429925795547731
3.1473015415184435
3.1392201623962035
3.1457081029093534
3.1464934732018763
3.1414090927266183
3.1347251684863595
3.1469226049891130
3.1412484954633975
3.1426572252232079
3.1433815297015451
3.1321653383116730
3.1440114468479083
3.1430658044275126
3.1442237674943385
3.1337901348442920
3.1401379310344826
3.1433970119617607
3.1278398105663476
3.1417104390025505
3.1466994916136262
3.1285366923107585
3.1417245273046150
3.1452105944239452
3.1414147477609431
3.1368122427778000
3.1360058437048450
3.1424012668554155
3.1410506770816662
3.1482430087098030
3.1390314483508401
3.1302167422095186
3.1499326037420969
3.1391708900222226
3.1439772859242412
3.1428708662551936
3.1441168112264299
3.1427885500276087
3.1440361980812774
3.1426930036671097
3.1340544424044063
3.1405357628501496
3.1426488729393292
3.1515277956091925
3.1409223953168484
3.1422751375687845
3.1397245588982354
3.1470707183957525
3.1369462496155553
3.1481052391050746
3.1295918448675746
3.1376079742179730
3.1490667769378078
3.1454899982382805
3.1384821357205661
3.1350780785454604
3.1377715414198106
3.1415323435630929
3.1437446958415398
3.1456501466827289
3.1430354378427676
3.1415557056798966
3.1443269642978771
3.1403659530927754
3.1428188209669927
3.1410851411690870
3.1401731501234784
3.1359188415517840
3.1390810247066017
3.1332444291834527
3.1478934446255704
3.1367977090547456
3.1479069655609075
3.1468258578897816
3.1372399381485314
3.1438717296875311
3.1317691546733895
3.1558553709713699
3.1428039925589584
3.1481344854548006
3.1423456938277532
3.1277946365280003
3.1385218051724828
3.1516797764313331
3.1358208955223881
3.1449418173806807
3.1376100960693107
3.1364869562437816
3.1447367368008261
3.1419905971791540
3.1509604791378725
3.1328490273987906
3.1452088068011013
3.1378781341387412
3.1497425772769772
3.1457709610797138
3.1464762339487562
3.1461598903169423
3.1443363727659368
3.1503088538091970
3.1495558362910825
3.1362384972848996
3.1396585289802639
3.1418362728172178
3.1438037693569685
3.1308088540171592
3.1351289842168515
3.1461805597279469
3.1473548914088028
3.1471312706518475
3.1554200694489101
3.1474386456976862
3.1401309552856098
3.1456486470246561
3.1416741674167419
3.1441384497215643
3.1491334252549219
3.1327169972360598
3.1368423573170294
3.1342089504571042
3.1359215933734581
3.1448699320740823
3.1534703348494761
3.1419791124804930
3.1463537723946504
3.1377850553137105
3.1460913180909493
3.1436163613880206
3.1448009642452419
3.1368010486268743
3.1398121329471445
3.1395129401510515
3.1436933134359411
3.1438578383719582
3.1351591868659860
3.1503588756566021
3.1489417936447550
3.1381583681824359
3.1535350208462201
3.1402869496698118
3.1413954531438342
3.1431423861199144
3.1326787211112443
3.1466935858610134
3.1331456861101130
3.1434171786994369
3.1339990580872787
3.1332788095190600
3.1295843325976622
3.1384034067054518
3.1473740750539134
3.1402323015923770
3.1510075990765678
3.1374237832269194
3.1419953354962336
3.1490695176879799
3.1287913488538823
3.1404495954760505
3.1399880850995774
3.1477274549740990
3.1418826193591238
3.1325512120620007
3.1502059676468348
3.1499399918918809
3.1388292137523459
3.1422972843143535
3.1268780969679590
3.1425543232639153
3.1500836539734633
3.1479042781134892
3.1426861920332341
3.1472590110312981
3.1561323502822587
3.1289100508844969
3.1405449948796722
3.1429863167160117
3.1377655791803503
3.1397372230085807
3.1330495921553285
3.1397262903625731
3.1433818528091417
3.1315140929320000
3.1510855703755984
3.1451571540767098
3.1499402244991295
3.1391213681632784
3.1472243473941832
3.1459549724885267
3.1372196664749854
3.1440676948448325
3.1417595390063826
3.1388902218596542
3.1408381482103040
3.1486775437174801
3.1466262854487401
3.1486438251230244
3.1481293000853507
3.1476484533935638
3.1523529152244625
3.1419489830210119
3.1411948641872627
3.1475029547867543
3.1469532901902992
3.1411458958058454
3.1488982826524636
3.1433760512615136
3.1353436633449738
3.1460021875087643
3.1388253729672684
3.1297326595354620
3.1415102645163873
3.1471625097146885
3.1503086060790784
3.1341701578730863
3.1469963361153201
3.1389597409347139
3.1314920564027307
3.1379689185410093
3.1333519597669035
3.1355682799654523
3.1386936601981339
3.1405639999999999
3.1328240925408855
3.1335762258022037
3.1376231453294663
3.1285619272540455
3.1363836198972046
3.1420484302351150
3.1458887109687752
3.1403001316226389
3.1417607367848808
3.1484590464032371
3.1389189859145921
3.1430406286761468
3.1435514153379316
3.1367619078074287
3.1391354789670554
3.1374763842900109
3.1412332924181663
3.1564055825008834
3.1429937924492810
3.1389216623405711
3.1464580164892340
3.1415957880923995
3.1457992821203091
3.1410433795067019
3.1416180230208806
3.1399617025189190
3.1399866496656421
3.1406563216279459
3.1348444210291042
3.1398758488921934
3.1336415834151872
3.1480651420873693
3.1435906473033697
3.1418654646046926
3.1422389832474176
3.1385589549289139
3.1426983187497002
3.1410893762023413
3.1501632558102219
3.1341692139476605
3.1338453493431477
3.1390618812772240
3.1336187102931370
3.1345728763515939
3.1432584382065185
3.1281288812458201
3.1410157876196880
3.1488348413115199
3.1284969917492540
3.1499051689916637
3.1404973868013490
3.1439684505416552
3.1460590392593040
3.1354716513691816
3.1393067233607210
3.1483141742481044
3.1327647652761095
3.1407802141968419
3.1476489078487346
3.1472803280199764
3.1422600835882974
3.1396284458649619
3.1402337095187440
3.1403785993743347
3.1369828556826982
3.1380956378857481
3.1422536563510097
3.1352004344943811
3.1483018958560174
3.1387168937003156
3.1495412917608943
3.1388071398867599
3.1402157349747428
3.1388827873206306
3.1412482702905913
3.1372001406402328
3.1362689972945215
3.1367374572121278
3.1400381387948300
3.1435960462947024
3.1396459971772535
3.1491722677617542
3.1337631489650493
3.1538119020398341
3.1447213049134395
3.1356612682864471
3.1513949337130707
3.1465049562869116
3.1475382914637273
3.1390778805732547
3.1462134085735354
3.1486658144762836
3.1360408645781748
3.1428960054407615
3.1440934192452934
3.1531892673521851
3.1457480800493300
3.1446849566237374
3.1457400898340233
3.1392277519881966
3.1469076604455339
3.1428617175428903
3.1334838560407210
3.1397132017542106
3.1461851507674559
3.1395508725926753
3.1488050148095601
3.1423679999999998
3.1364556992365862
3.1597995814552480
3.1442404688325620
3.1417484656444294
3.1258110643314918
3.1391767628083338
3.1477441228569369
3.1427577130925570
3.1434918222897590
3.1443130533675583
3.1323509449931732
3.1434524333714946
3.1442247633690483
3.1449281744951394
3.1441702195800558
3.1496301884975177
3.1375991640109921
3.1371721013479501
3.1358862214276595
3.1407054268836512
3.1476153457768659
3.1354474796709022
3.1446802546750492
3.1418138478274780
3.1377500688950040
3.1335892943378605
3.1442474507682752
3.1476094060100634
3.1434511517712784
3.1361767523551012
3.1390604821136554
3.1361019047238750
3.1445624509788228
3.1438378908203477
3.1424605032065513
3.1404478197197525
3.1494084620012033
3.1380491568037283
3.1465155230722379
3.1505671790264094
3.1416018438490347
3.1395302340832205
3.1378573539631445
3.1463463463463461
3.1371637077875674
3.1557382643291008
3.1405805736954289
3.1520203844147505
3.1395059655183442
3.1414836648096527
3.1362041964299983
3.1365725016981658
3.1383369507432679
3.1466154880645525
3.1398173132657754
3.1283712700841622
3.1438390397402629
3.1514386268709362
3.1409037979039698
3.1411437712457508
3.1459543647377712
3.1470587056621770
3.1437086172296524
3.1452081549015056
3.1382865552738295
3.1359464856230033
3.1526154166867113
3.1358195726468430
3.1434385229173505
3.1360708823963934
3.1477699751751573
3.1350063646484680
3.1396537734378436
3.1359021836291663
3.1465744809546510
3.1372389953443762
3.1375802741301637
3.1453007872377041
3.1510652474071219
3.1456681245093798
3.1387879030002797
3.1299714549977673
3.1391989126958748
3.1466480558964856
3.1359781405921057
3.1343120935969440
3.1447248817718405
3.1386253699805473
3.1460822203087768
3.1383119452315391
3.1342681214905563
3.1447009889563864
3.1345957256492989
3.1486470779207765
3.1420446358527720
3.1507142599401008
3.1391288696904249
3.1477907079185319
3.1489897168321752
3.1455183239364430
3.1396322541429393
3.1363316936050598
3.1494191149066455
3.1449551133882681
3.1413883806496297
3.1363049689316895
3.1435878567800710
3.1567014615455675
3.1541461024749315
3.1413645236647572
3.1364856444423141
3.1438724548597774
3.1479179763987939
3.1377766048479323
3.1393447867677642
3.1413904675820197
3.1417288477550760
3.1383783308416144
3.1523108948776466
3.1416184855456639
3.1418783796755512
3.1456077304904873
3.1525991613666915
3.1490869282775544
3.1554260561541891
3.1515281634749668
3.1511524324671365
3.1437768583798147
3.1447832474649822
3.1454996254861669
3.1412594018821776
3.1376584048452307
3.1532021464033297
3.1453002741590121
3.1386684153494899
3.1471373372667224
3.1316560674627700
3.1353057435467448
3.1427908595290570
3.1442649854898428
3.1409306621142399
3.1435167402855133
3.1419908155591467
3.1455795890394489
3.1410697704204158
3.1337202108935034
3.1408660746770511
3.1400664106257001
3.1462314416428301
3.1456149850590620
3.1436737667578027
3.1445267924709612
3.1339347315442931
3.1376362487704621
3.1320488928085433
3.1419809849750919
3.1384718611087812
3.1354059783845507
3.1450403667816191
3.1429749188574814
3.1329517377368505
3.1427822970908421
3.1449972798259087
3.1397601918465230
3.1393901356764231
3.1415056586256025
3.1362770279176968
3.1423015831736292
3.1339396477791741
3.1423016765140028
3.1450334843806393
3.1402885460794501
3.1286352218811051
3.1361150285853547
3.1414715344355701
3.1461427867729803
3.1315692935866148
3.1388771313341053
3.1389298752814065
3.1354222410364136
3.1456621919455019
3.1330662218355667
3.1431960474466427
3.1473760460397564
3.1337119791957497
3.1450526298924975
3.1449087312075994
3.1414810908422623
3.1394855444215373

Mean: 3.1416252390128605, Variance: 3.364993299730805e-5
