3.144611367213627
3.140638685036693
3.1415802030294295
3.1440706449108937
3.1435960462947024
3.148068033423863
3.1371439079577526
3.14380807987871
3.1410645764061442
3.129102853361609
3.138132389029664
3.1371597661491277
3.1542546999008434
3.144270658145532
3.1467281371791125
3.1457436834387096
3.153366222872157
3.1397578224004286
3.149193354201782
3.1553033497588383
3.142886877719382
3.1351163431914357
3.1415883531967497
3.139905423933421
3.13642881393166
3.143387001264344
3.1417529899614145
3.1431130947381893
3.135411135818339
3.1376829253676486
3.146831325832075
3.142143600416233
3.1480133989389834
3.1415111701446676
3.1410841569332137
3.1405373191637436
3.1438349032423427
3.132819450927821
3.146233690274456
3.1527495481020287
3.1417200893178707
3.142293627480367
3.149290031545235
3.1428760142667858
3.13584478990623
3.1364828032706957
3.1539657603869937
3.137418826303275
3.1471120941825146
3.147788422625845
3.1326251376234624
3.1506268769220283
3.140398510882474
3.139548370582495
3.144050154531042
3.1378253660680397
3.1380760994630528
3.135779376498801
3.135824046031499
3.1445401286935364
3.1431635732065537
3.130996324672529
3.1425436576741803
3.1415833179848973
3.130724008051177
3.1389498423204674
3.1427782380557856
3.14827240660574
3.146720960308785
3.140155982043277
3.1418018789068904
3.1437786616939714
3.1306493009612777
3.1477205791015352
3.1371685479395173
3.150039907430804
3.148585850492749
3.141388010347902
3.1320166776387977
3.1476488287212687
3.125942005895005
3.1428754315707774
3.144813588633971
3.1393258786325675
3.145513290173799
3.1416497254726194
3.1486925353027497
3.147302065352776
3.144121001140388
3.142785124132274
3.146117039380168
3.1324358283970564
3.1310693359180237
3.136923427220107
3.1421690410180707
3.1541728212703104
3.134230812199754
3.146348593579804
3.1416293557718853
3.139584824624195
3.1349028878098646
3.1476532634149272
3.1456491167620886
3.144268711430561
3.1406168802615904
3.1342269020600244
3.1335588028843087
3.1457742507089916
3.1433275452312173
3.1374617828667346
3.137966311667033
3.1485309967106185
3.1297334114020097
3.1428697183098593
3.139795995889529
3.140885777903923
3.1413128679293574
3.1377267767425687
3.129900582626485
3.1313085789494677
3.136425375519335
3.1483821343727842
3.1522368547688555
3.1446393621747535
3.140507229580133
3.134163131577162
3.1350264389667237
3.1400286335860765
3.1474659549057797
3.1483246308101354
3.141764534291297
3.145229677734492
3.1351043779648293
3.136540287764043
3.1396837063638214
3.1476972959990395
3.149898294476608
3.1501565550668915
3.133682328907048
3.1433330263732127
3.1380547807252412
3.13272704780983
3.136790474554743
3.1438206927488865
3.1423851126472093
3.1497598678671936
3.144061044987049
3.1404988745537197
3.1450255515493004
3.146632948729766
3.137503643630933
3.1496660010745705
3.1390155697438114
3.143738885239598
3.1442513534818395
3.1337885755995996
3.1351393454737186
3.134627896301914
3.1380856910075563
3.1290399713067387
3.140402326902611
3.146555661503698
3.1517755419695437
3.1410675860524275
3.145688784911949
3.1331453346682037
3.131004436436979
3.130997426971394
3.133253493013972
3.1417710482955
3.145058824942256
3.14250077080472
3.150648840268198
3.146716521990045
3.1331670225716968
3.148011286211264
3.1382026065403372
3.1429377581404285
3.144616899728173
3.141874617406647
3.1383111480865225
3.144023717882035
3.1394847984784495
3.144568658091918
3.1353101431675827
3.1331642460061095
3.141642742328884
3.138525472064123
3.142517358191385
3.1412332855873952
3.1485699630117936
3.1448609915734274
3.1434175082153564
3.140649291997554
3.1355997859476212
3.157473449033798
3.1481649388580415
3.135591324839238
3.1485593539747074
3.143692842385124
3.1383557376656364
3.1366276051027664
3.1428348454590207
3.1522314029687832
3.1399527224584323
3.143356587410797
3.1527405612695154
3.1368191982111484
3.149119780466669
3.1348129339290063
3.138753820644465
3.1345752137810385
3.141089524662673
3.1292060238994264
3.1451938481256008
3.1410298983384477
3.1500838031388083
3.1526783099224454
3.146549825178326
3.1439537042966
3.1451334590454687
3.131375887769222
3.1333830937118314
3.1403632960598933
3.147144162485372
3.139336856665414
3.1443578800714223
3.1446861509134743
3.1398944042238313
3.13182769549704
3.136578234716131
3.1409951943451597
3.135053904213749
3.1424293550399
3.143574405727121
3.1461280431667347
3.1447858212121456
3.1472831860180785
3.142932008384939
3.145805051318092
3.13114472738884
3.1478530287665687
3.1407164664033833
3.1383023800577226
3.1442197619219163
3.1410024565306105
3.140410780899528
3.1369891992432284
3.147585338870272
3.132255632800067
3.1401206654592126
3.138480970158202
3.146498371661706
3.1445255883601186
3.1391411396047837
3.1416286514605845
3.150576132017224
3.144514641235677
3.14015984015984
3.138683595855543
3.1407736131934034
3.1428971566218777
3.1449101268914594
3.1512021149842138
3.137775058191155
3.145894539661701
3.1281255601808513
3.1382286479892816
3.1527822360607325
3.144328906990794
3.1455880820918845
3.142885720229808
3.142625089020653
3.144209637194109
3.1440589696338432
3.138720579118923
3.1497236395409893
3.136632445663676
3.133673038125085
3.1445737814466983
3.1452495407042136
3.133811778691762
3.142179222483635
3.1320912623293813
3.1442233787029625
3.1428439930042784
3.1444435103900212
3.138424706535945
3.140179517421986
3.1408769052286276
3.147783488209873
3.1297656704406926
3.151312991920667
3.1384138162307176
3.1456817899764205
3.130215663837134
3.132422386011933
3.1408880614307746
3.1436168935628706
3.1374090003314525
3.1439069491918894
3.143784155738164
3.1549487533736023
3.1390443822471013
3.13215920509099
3.139359329917918
3.1384758549901552
3.145909154605329
3.141212506547983
3.1376103562144873
3.1462275113194695
3.128965239479529
3.1259025612228237
3.1460384237834806
3.1286395487338017
3.1468170138735783
3.148442512511228
3.1498691729806088
3.143984023564442
3.145064147683645
3.13269926632809
3.1362505838626356
3.1368438705349657
3.1451914341856195
3.1349045200872823
3.1358354854289487
3.141209336577869
3.1577947378991764
3.130953567853625
3.1431606151285787
3.1392869136908095
3.139595663311181
3.1300650285272296
3.1433054853908384
3.136689325739482
3.1410851907518147
3.1438685097289034
3.1513031962920603
3.146163210713056
3.136144891072106
3.144883477203453
3.1391402308217784
3.1426560675612993
3.1367550039136756
3.1347668962763304
3.13638561341959
3.1444086258334503
3.153168689291186
3.1492300288739172
3.140067725053872
3.1432354376505036
3.14945301542777
3.14152144155106
3.1547593707453623
3.1488853151957263
3.1259791408648696
3.147098775078436
3.134701637091975
3.142663859289563
3.1356726592447517
3.1370667092881543
3.136202005673419
3.1420628190153126
3.1393815388796087
3.1382272752712415
3.133378034811276
3.1414618336340974
3.139750472710701
3.1498198566877704
3.1488967491999325
3.140869433214554
3.1405528478707994
3.1311058906114764
3.1466124650403513
3.1397794470193383
3.140519006783566
3.1437002514454107
3.139870194707938
3.1498919116202027
3.142025121886783
3.134895240377894
3.141763861510842
3.14018601860186
3.1399741743590566
3.137352149571523
3.1403837080044466
3.1480945760226304
3.1355952499750526
3.1398539632550126
3.1331549800050236
3.1569370491671522
3.140822582194193
3.1384500405654383
3.1379492178137136
3.1382363512919844
3.1376959563950817
3.1430829818059567
3.1428148480071694
3.1493914795093314
3.147591834117487
3.139510555127432
3.133788739082033
3.1403783785945367
3.139441243387407
3.1411535984446943
3.1467726292671587
3.1415704711413426
3.1474165838648673
3.142140153411708
3.1418638497277156
3.141310436438711
3.1361611868516395
3.14254562332201
3.133314958837134
3.158407677642005
3.147886788374634
3.1325719940465504
3.1456950990481607
3.143189895303045
3.136823143625158
3.1499827573762342
3.141259418428308
3.1482270838925235
3.135343391613839
3.1399304182494316
3.1404977185566723
3.148118292506858
3.1443031289882497
3.1450443707045275
3.142739875227242
3.151346321231885
3.146609340941146
3.1364181299402967
3.139428
3.14790580636372
3.1379529408944347
3.1430744352114255
3.1370171481045257
3.14728722551691
3.142638840551882
3.1430423716604503
3.1448540534483724
3.1322620913546864
3.154818585456326
3.147722486310849
3.1428645795792187
3.1486293626676716
3.1345751477399775
3.136879472271914
3.1409883779040246
3.150101444277821
3.139171364982199
3.1446439217223956
3.1532690160418357
3.149898064019007
3.1389647629064705
3.147008273071453
3.135476784822766
3.1398394845599813
3.1369209945258754
3.1349541017222324
3.1380420155651656
3.1479265516799178
3.1446355282388034
3.1386057106320058
3.1495003026646518
3.140679639198948
3.1452342326103064
3.1315770569266626
3.1503005369165193
3.145959064023035
3.148893311718537
3.129181300304167
3.143168738443806
3.1451768482311175
3.1481441432782264
3.13964235884848
3.1421070311687687
3.142111452433522
3.141953439271919
3.14817356270641
3.1451172743775624
3.1362119215874156
3.1342789749075046
3.147029466823267
3.1443557463921077
3.1404526523410774
3.136163877235769
3.151872841689829
3.142182787009849
3.136966826537173
3.141201277137164
3.13575868314596
3.1422750886517727
3.1289293268905185
3.1522609637684065
3.135767105720484
3.1428011282933563
3.1402113650727617
3.136933207601451
3.1425255153091856
3.1470007805776277
3.1389709261664502
3.1532642736689955
3.1507865799823422
3.1371686362184605
3.141646639181359
3.1427742216991517
3.143659470292455
3.1494446516889085
3.136651121190826
3.138800076733702
3.14197182647799
3.1540464735551748
3.139036129166367
3.1348836652336876
3.141494461035353
3.1420644794796195
3.141882291729203
3.137040234709132
3.146000200340579
3.148318030552103
3.128601405854803
3.1373654474695734
3.131789131007189
3.1442622819458803
3.143985822638973
3.1391524048244404
3.153377952471384
3.1472094439724954
3.132412154458256
3.1420346564561754
3.131392855149761
3.1441510580297543
3.132106102911847
3.1328085747780943
3.146536525948008
3.134699467734658
3.1410249232147427
3.1517437288353207
3.141724535185126
3.1426524330447383
3.1407236508019016
3.1398575658157957
3.144378584550363
3.1440929342582993
3.137214892665474
3.145898762979105
3.141074902139718
3.138829023706612
3.1394938552134675
3.1489002506265664
3.144466868483014
3.1540796049858493
3.151420709793351
3.140153892275407
3.1481549734192784
3.1471625379677346
3.153560696934563
3.146081326351132
3.1399763273858556
3.141854961740363
3.1457422619333557
3.146093155512836
3.1461280081351264
3.1397001798920647
3.1369277534341786
3.140575795770562
3.131121787843145
3.144496110381919
3.1359875409312354
3.1455091498818724
3.1288243033130008
3.146383660392471
3.134219584854124
3.1449722393584207
3.132202390203275
3.143769136864856
3.1356764264503973
3.138045091130158
3.145238981849632
3.1311769632672597
3.1503912909190825
3.138369627289754
3.145159933502914
3.1422588786803676
3.1483759230898754
3.151098779935288
3.1424544934813636
3.1386070184409856
3.1399143585277973
3.1392869563131827
3.1399191597733913
3.136983347310411
3.1490404689256466
3.1443798216731955
3.1494195761322974
3.137398933149927
3.140073758819859
3.1353272939334387
3.1346175312146194
3.152286954461679
3.1480437293464663
3.144396819107765
3.1349942362997445
3.132274224129328
3.1456893408499913
3.133314980829613
3.1390562851632215
3.144172613523633
3.138411292289119
3.1355122850269876
3.136813476468897
3.1501711271951973
3.136217692725472
3.1454025199576803
3.1407006038309273
3.1443337778685536
3.1343548425772725
3.146229324362209
3.1405720910708217
3.1478214541798355
3.1392378258298574
3.151681991522875
3.1429234840326514
3.1410384054059457
3.1464108429921596
3.139768691813034
3.1432165527392577
3.14776088298239
3.141300264560837
3.139209736165585
3.1406746428714336
3.141713069636457
3.1500426940977917
3.1350742782770475
3.1405164865480804
3.1380736915316296
3.1395051467297486
3.144505292149045
3.1396786699172696
3.138914995300846
3.1473567831949336
3.138796975654982
3.139037091211369
3.1532783954163937
3.1396046685393033
3.136019386854786
3.147839472766413
3.133515345283855
3.138554361289807
3.136424766047449
3.1411671136299146
3.1367694659413377
3.145122937366394
3.151814254946236
3.1457346208841166
3.1441346996426844
3.1497518500998214
3.1548607208798267
3.140187513743678
3.145537969995556
3.1375973717131425
3.139492044210375
3.1373992736919063
3.1416672001024195
3.1403150198387304
3.1464256229811722
3.1392776920678824
3.15375267217211
3.1417751299358625
3.149639220716748
3.1486860248845563
3.138841448049948
3.1407966785727144
3.142041361868327
3.146342049605845
3.132772183574995
3.138954366395257
3.1488129356544188
3.1508001106642665
3.14794084131799
3.1457654005464
3.1305233369205627
3.1420725023802096
3.145086864822248
3.140832573977267
3.1382420164306493
3.153930810663175
3.1572680143069567
3.141374879408833
3.137773000791133
3.1481592805444008
3.1413169195304778
3.1433400135203784
3.149057882934383
3.1420678452976785
3.1282699984860196
3.148069168423669
3.1375600238296104
3.1437170293521257
3.154802305267174
3.1400491695149007
3.143673678358152
3.1449280006408844
3.1442724978301126
3.1434451475611804
3.145407734258006
3.1469677486550256
3.1389098698381868
3.1414827911739764
3.138205279716371
3.141127612585219
3.1408750949886013
3.141245220229429
3.1310273079851245
3.138064784152689
3.1471052589398774
3.147400533265007
3.1451226066240463
3.142705218211767
3.1551964346656494
3.133369485470031
3.1483190111264308
3.1393050149805393
3.139138039823327
3.142188912986067
3.1419553945848273
3.143944453998968
3.147030660934852
3.138577452685013
3.137365074671004
3.143297109419684
3.1406050719857346
3.1470231300690896
3.1328194781166263
3.1436141260845902
3.138737651941536
3.15151964536932
3.1413629324935877
3.1330011956954964
3.1398063917888375
3.142588344562811
3.1436038437371177
3.1287846210202748
3.147032683715791
3.15643497514577
3.1345739502370047
3.150920633902734
3.1302483501769376
3.140460763138949
3.1365148193843857
3.1369649556701815
3.1455617840213805
3.1435092313421182
3.135616493034766
3.1475276486616446
3.144981204286784
3.1473591034529718
3.1488000962328835
3.1242264433096296
3.1476160891436358
3.1366580931688928
3.1348894427402865
3.1381016374297075
3.1515876232399314
3.1408971672611528
3.1449561175425824
3.141323477648715
3.145267430410452
3.1428874242109135
3.1422862542845245
3.147497625659706
3.1486141553700726
3.1387346770744653
3.1435433105505854
3.138476478980749
3.131275055346138
3.1470727347063114
3.134720302902012
3.1388835580290744
3.14036477398655
3.14066163584421
3.1499266127156504
3.13741043399075
3.1359781853605564
3.134368524234088
3.134756019671712
3.135720189915624
3.1386445297980425
3.1373200044749163
3.1446272890585303
3.148557736614137
3.1480995857943084
3.141345611501582
3.1456273337713747
3.1356316054353295
3.1586503284527745
3.143331639247826
3.134866227746214
3.1350246838196267
3.1354834335126855
3.1386584688203336
3.1392537068927626
3.1395064099486243
3.13699784698838
3.1454854854854855
3.143234769533468
3.133079726487811
3.139665451871743
3.1437833898006424
3.129599802253355
3.1418146611562974
3.1372886568702243
3.1505158445123054
3.137314553090915
3.1363280813498715
3.1463885639192934
3.1459751100501085
3.144134051389567
3.1448837814570862
3.149946291724116
3.135916206959868
3.1463891739353516
3.1466721149917074
3.1405698789687144
3.139216619156328
3.1425256824655166
3.131752594583172
3.140142945084464
3.133534769731853
3.133843464099248
3.132559365069226
3.1443440164351304
3.138154163238243
3.1434929478251123
3.1399029777983793
3.139125712300486
3.135082320971867
3.1538319601440845
3.1378241487848912
3.139319417786308
3.146930623321419
3.1428348473328263
3.1261177013653167
3.145492205560074
3.1448209897788484
3.1465198530796004
3.14320298994814
3.143088174660043
3.1389378303548954
3.136537701304561
3.1467774067734786
3.1433015570511715
3.1430201277801797
3.142642252191342
3.1464902744962755
3.1483407310077394
3.145355099360553
3.1420193431650416
3.139338029296406
3.146476366828189
3.1417517845801095
3.1301365768508815
3.1347743648084947
3.1420712155257204
3.142768578513719
3.1482406320016993
3.1399723341649075
3.149911046287986
3.136564686327549
3.1499941823842597
3.151427505505835
3.1388442568566792
3.130247324736861
3.1424604254365605
3.1385199544355404
3.140261485483916
3.143314241832784
3.1443657885575025
3.144112639948727
3.1286814229122992
3.1467775601040024
3.139927700822163
3.1308928898771806
3.1442487403298554
3.1352351082168166
3.141344876698299
3.149843674843675
3.1399924116860034
3.1235527996784223
3.1496098962528403
3.140724784794546
3.1566385122917553
3.1440184853690867
3.1338836970710697
3.14041955916696
3.130358502829026
3.1471432350748363
3.140171918394788
3.1372389281578212
3.1431081124343705
3.137018338554866
3.143202591090524
3.1391128629678
3.144127123901775
3.137339981780697
3.145877818863601
3.1376455720501664
3.1427576601671308
3.136913443595082
3.1385372208635047
3.1395926100616363
3.142433566881275
3.1406129394779256
3.1362763838948995
3.1407298943005513
3.1348541669162784
3.139539809992766
3.152129378324961
3.1389621179440477
3.1376607588457355
3.135341645885287
3.138662499050695
3.137453789740823
3.135782913321736
3.133370006298183
3.1446895104110753
3.134423063109082
3.149777685035073
3.1417167186193264
3.14365264594851
3.144962859795729
3.145498154095026
3.1452126722909695
3.152031770227446
3.1442052185048825
3.1374308234110346
3.1277588322470637
3.1353991525322193
3.136681086776068
3.134613540851057
3.1417410982016487
3.13894404602569
3.147296945418127
3.151742371358191
3.140905492607489
3.136431167378889
3.134900649301412
3.137257173907832
3.142509525181699
3.148080028530099
3.1347245169168882
3.14190679388215
3.137982866074748
3.1395654694089665
3.146528831942837
3.135582319691613
3.13285515854009
3.1444945772496706
3.1377935294658235
3.1458866603375273
3.14414006641218
3.142264336677324
3.1449380976023833
3.138081412762627
3.139148124907574
3.1413936557462296
3.1387521936750202
3.1446784656042284
3.131769226476614
3.1406851554972754
3.138198255086666
3.149173442658462
3.1411751998271766
3.140831145126169
3.1384473826335686
3.140496891431859
3.1513392051040268
3.1317321775638645
3.1437430440457033
3.158049337174866
3.1424994400179194
3.1413826625114516
3.1482987468671677
3.1454496674395043
3.14373808722951
3.140542009535723
3.1449800144839974
3.133176861298718
3.134300792609228
3.1322784027691926
3.1414939137883415
3.1378261251968946
3.144578941248642
3.142002117585952
3.14095505415812
3.139966448314427
3.1370851140312337
3.141471844846623

Mean: 3.1416122085826874, Variance: 3.464972970525744e-05
