3.136183787625318
3.131519645186122
3.139614333434558
3.148916211329771
3.13256755409313
3.134431269213878
3.1445979366591166
3.136833527729401
3.149308563544775
3.1397333461301598
3.1424076475957152
3.140934121966143
3.1417462057268124
3.1280493638189992
3.1500786024799883
3.1414391861088227
3.132922956627198
3.141610867113063
3.146174649918865
3.142636589072874
3.146225678128042
3.1287291585345454
3.1466771923637937
3.139181478166358
3.145070038785781
3.1387533637300074
3.1462510469976714
3.1424142910285076
3.1466040728694344
3.1336341548073587
3.1349716038436655
3.1577404143537673
3.147130620212523
3.142007809749384
3.140562843081204
3.1440990505784225
3.1433011712749614
3.1381886162363837
3.153108107022659
3.1354920325800233
3.14143276514394
3.143188739879859
3.1529008677929653
3.1446382242721245
3.1480451962013403
3.14600837812077
3.141746043171221
3.1508201457323533
3.1451516025178994
3.130564141424213
3.1324121154114573
3.14227362559109
3.1449390768492025
3.14088437549976
3.146014652307939
3.143602453634005
3.142989745579957
3.141043385041241
3.132474220640229
3.1436292787530604
3.1438503101861115
3.152861871802588
3.147447962133893
3.1426679258269243
3.13627692886022
3.141472821694633
3.144251809459687
3.1459263202981456
3.1375896837698343
3.1361391864834034
3.1446169983625394
3.150052915991854
3.1418436878558595
3.146917513173449
3.139994079573729
3.1429097266955
3.1462484782469406
3.152341334532576
3.1360988300640034
3.1561095054592165
3.1467155331250503
3.1349690558749943
3.142249308188173
3.136154550141274
3.1459624467688756
3.144633107337853
3.1460356651849595
3.1464584776680056
3.141480334617554
3.1483175891324917
3.1416783328666855
3.1476089726636696
3.1409958529455286
3.1429074283702865
3.135511594873677
3.1477921297686993
3.1468024129707195
3.1437992401519694
3.1361450595095457
3.148688712430189
3.1435886161963387
3.1445002702324
3.143942882541615
3.140034786781023
3.1334826901803865
3.1423251120268145
3.150692736399055
3.133879966659621
3.138618095774828
3.140148514455354
3.133521832241289
3.1321975225925835
3.139163413006382
3.129469588857619
3.1354911854879917
3.1394159709183875
3.1342618628823504
3.1422963807694617
3.141673398545914
3.1402181864698804
3.1437259859050535
3.145190664313132
3.136137714630183
3.1380018539828667
3.1482128546241386
3.144408204102051
3.1423866764837696
3.136926429734649
3.1465116837772475
3.1398820589705148
3.146256473519151
3.1443839128344817
3.1416446005295873
3.1439589512065287
3.136057874857611
3.1370320828924516
3.1329650283214314
3.139683617624735
3.151957499568656
3.143493272627616
3.1430867652938823
3.1486953662038486
3.156436407164462
3.1407896051974014
3.128085121650767
3.1428657170294496
3.1402618605544528
3.1357636129073487
3.1421309646172366
3.1419645428653715
3.1513527821671787
3.144131055157315
3.137876025524157
3.142894328998955
3.1380381216551623
3.1373413701781927
3.136460750212652
3.1392154352157875
3.1465045738853785
3.140918308980292
3.153493023592067
3.1425280276456777
3.1425360629316654
3.1237460989745878
3.1476489895043103
3.1333112511423544
3.1417349603836446
3.1368176204692877
3.1350800094199167
3.1448084259744835
3.145378682918625
3.1419722705719946
3.1299123765178636
3.1403501757276002
3.135508736894658
3.139688036050589
3.141013957503957
3.1338237702135476
3.1403595065283025
3.1427719522932844
3.143303476775492
3.1434196716845992
3.145402126253829
3.1492927225666647
3.132480200349335
3.1366573629027745
3.147627212345066
3.136735272619794
3.1425513441709914
3.149185168542932
3.141228782863798
3.1473792172307
3.128388011437401
3.1449423395059504
3.148796858407966
3.143298952573756
3.1402495563620088
3.1439021950097046
3.1361784070570184
3.1395559854819886
3.1371943299937257
3.1367475607904556
3.145173955545584
3.1338834006288003
3.1427610963706436
3.13774438132675
3.138787392330454
3.134392417394637
3.143036060116199
3.141202879355946
3.1342009482304487
3.1349980647298006
3.136308122131311
3.137003657001259
3.142591384987138
3.1399458640363678
3.1448377380528565
3.1321036094230985
3.1479764199524713
3.135197949029223
3.143877840852266
3.1533561979421854
3.144340502523827
3.146454749109329
3.143121063680896
3.1467097906722294
3.1348872480542807
3.1455168877779913
3.1403437953374604
3.1375653979791527
3.1248048990252912
3.1404640361940226
3.1369638677413945
3.1440321147550168
3.1413301662707838
3.1461270001360773
3.1372435446759557
3.1454832479906405
3.1375923240699684
3.137256859847426
3.1408952451857455
3.1428079490352006
3.1503045223269597
3.1392683102479775
3.1378243560842245
3.1389418712987287
3.1302004218147603
3.1422456042087576
3.13179116978423
3.1279131841251884
3.140326267664173
3.143797176698361
3.1444992052783927
3.1380952571207117
3.136437520218217
3.1394930361448674
3.1368869458885964
3.1340167925040303
3.128382901405757
3.1391243530563715
3.1397785812561994
3.132291932601481
3.133181988653139
3.140985192915952
3.150566575078719
3.142684580401819
3.151271324110434
3.1338530787326415
3.1442849820604817
3.136746126245635
3.1469386937090404
3.1422913674676867
3.143452307175614
3.140791683326669
3.147429613951981
3.136379609146015
3.150080408096153
3.134787103675939
3.144989185291997
3.1413810070526487
3.145517023176832
3.1443360390259505
3.150091046919245
3.1415908318166363
3.1446692793729505
3.1255113136229484
3.1316291841525286
3.1400383754397185
3.1459871560147588
3.14105004679139
3.1434791308175596
3.1331756409080214
3.131883219253258
3.1346870171712373
3.1477079660201954
3.1481462172404804
3.1475134691261593
3.1447772534591696
3.140740384961756
3.150566540412146
3.131601296635208
3.144533563869811
3.144650711876357
3.1497835879868266
3.142789698368815
3.1418848397842196
3.147491217657721
3.1391599473917755
3.146588417902805
3.1447893525467827
3.1398698717512925
3.1434987630797315
3.138967639261537
3.1479183876426573
3.1481229270481164
3.1471049954746784
3.139801448371781
3.1283100107642627
3.1469598384563606
3.142582674896131
3.148052447510426
3.136164403247826
3.1495442799623405
3.1426651413211304
3.143438751000801
3.141827798248457
3.1368765082865866
3.150253391595344
3.148666420747061
3.1512708466966
3.143130023186247
3.1433798655676144
3.1361810530014456
3.1429719742777618
3.1460696660898546
3.1378562007913353
3.132596266253845
3.145573116833205
3.1424486498592272
3.1431493169929277
3.1383836527242797
3.159467917363882
3.1344589819654
3.139434482207756
3.141035595078962
3.1433206099226583
3.152484817346558
3.149456085742708
3.1316292069871574
3.142470257858566
3.1470316086313876
3.134731804586241
3.1376976251043285
3.148550913576285
3.130558236359141
3.1464403983454328
3.1420655939702833
3.1453593138079334
3.136193307660075
3.14614207054637
3.136005237880415
3.1459896688423497
3.1322985750804584
3.1386321848269247
3.1464501904189217
3.131943087128389
3.1377240723425
3.135566404845424
3.149902827032117
3.1412674968278558
3.1380380720292433
3.1435887579532396
3.136927290439004
3.1450993260873044
3.1386760110918432
3.1293050853540367
3.1374641427418517
3.1393903545407675
3.1508442415465527
3.1517906557048327
3.135563598057563
3.1501104637875246
3.148149780794909
3.1491431459700583
3.143576977415262
3.1441924860649277
3.1460727719936386
3.1383124980017265
3.1399316177793772
3.13091987515496
3.1418052740769165
3.150895253531467
3.1463895230085304
3.1539653732493895
3.141973777887992
3.1345170267389073
3.139495650505309
3.1473716670270964
3.1382135591730047
3.1374820836111454
3.1365566207453486
3.140559359498599
3.1390893714687853
3.1372869502667493
3.141033186398741
3.1373364827759858
3.140649990403685
3.151193134217077
3.139343181482177
3.13828737601911
3.1490328370646967
3.1412424859317443
3.1485941521218
3.153463577940037
3.144487407336247
3.145543761265772
3.145095351465743
3.146969029207901
3.141446157294018
3.138081819453604
3.1446211787331224
3.1464518791239167
3.1354485392217173
3.1494483289499007
3.1405565447016226
3.146498270478695
3.145024383603328
3.1506775654993358
3.14928297532185
3.143506249149299
3.1378607158137175
3.1397392652748026
3.139696171731805
3.1402913087296636
3.141017030462941
3.1411978337559696
3.1371902278517405
3.1480057876447414
3.149274078113285
3.1512097663913217
3.1386046771981593
3.1367380823142503
3.1401238244075573
3.1393806193806193
3.1344381587661276
3.1443473109499336
3.1382736865657925
3.1407647616267678
3.148861056060594
3.1478311074402696
3.140222746027109
3.142769784172662
3.139578883368933
3.140544582765143
3.1375618055611025
3.1457078947157435
3.1362742511810833
3.148357943483451
3.143729798060614
3.136550738408838
3.138580099025715
3.1420351786943232
3.144584441382846
3.1463177207685034
3.1498909242565203
3.1427794114705234
3.1397401392482513
3.138471075206463
3.137314840344126
3.1384250022988875
3.1505195237465062
3.1408766744129304
3.143653248293324
3.136681159883628
3.137481338368315
3.1368048368212205
3.1351205663564166
3.1438638920810593
3.1369039529957234
3.147171397685871
3.1369399797191018
3.144530232669955
3.1354531737731617
3.145644146690562
3.1433411873892396
3.1422503099876007
3.1412010832389967
3.137297137445001
3.1400138228044314
3.135645579724606
3.148102707210675
3.135405774311736
3.1334155088298767
3.1365810770306726
3.1383623942407897
3.1376397753995295
3.153094841596276
3.135696714109998
3.134829890692494
3.1412711562551277
3.1422260989252817
3.139045904590459
3.1307351433711057
3.1410405132964256
3.13436578995711
3.1352170129880497
3.1407116996379494
3.137258975731763
3.1388895549108464
3.1419439488611363
3.128833036684864
3.1493779263140578
3.136666799792324
3.142678843592113
3.1365929855820514
3.1361113329606263
3.144988783848742
3.1413805920934306
3.1389705029960706
3.138375948389987
3.141582657863904
3.1456475090877065
3.131617348037222
3.149033931671565
3.1380609838948166
3.1390389945961945
3.143372790062987
3.1451925619106373
3.1469027116306667
3.1383794065229726
3.1445669316553384
3.130239717969476
3.1363669036019486
3.139898796105329
3.1419434115570426
3.1458641315016687
3.139176431576382
3.140273591467656
3.1387752656387313
3.1529281945308267
3.134338366481865
3.1526941181663863
3.1402919012802197
3.1441830520132283
3.1452054465069486
3.130438248599956
3.1431803801270295
3.1418233285621757
3.1327738265715186
3.135178938544141
3.1337497058671038
3.1408531783311413
3.1356506046704755
3.1362179615258587
3.137949088932498
3.1507355004208586
3.146791968901535
3.148805135273753
3.1448248264270995
3.1515106534062416
3.14031927498639
3.140186205738144
3.1476510605204187
3.140351509039833
3.1473699399954307
3.149680367126911
3.1514336019122715
3.143829197571408
3.138239232537224
3.141123757326026
3.14368011521613
3.141557828355581
3.1435702419790643
3.147871743486974
3.145407233931824
3.1319022562385395
3.1446345568200034
3.146050145697909
3.141815390520054
3.1489484529469776
3.136049423143737
3.1351204593185287
3.140601774154879
3.141171713613144
3.1284552845528455
3.155457525793077
3.1295546558704452
3.1361498223056343
3.1342507962609663
3.1508513180793813
3.143316411504708
3.151470688459395
3.132239879031132
3.1368541621768316
3.150231242134962
3.142547238910213
3.143685631436856
3.146986329369612
3.131042186097537
3.133289958447924
3.1383999712440542
3.140550552672953
3.147906141956885
3.138413779050952
3.1427387818652663
3.1426585050104685
3.14731743696047
3.1452852172311485
3.137283271648854
3.1388069793587983
3.1433884396669627
3.139549206552342
3.136428443059965
3.1417979055080343
3.138280222438104
3.1463115689800887
3.143500108018147
3.1366155592051372
3.1403916043611213
3.142143571285743
3.1408233797611143
3.1524703823100793
3.135795518073059
3.1437324789747696
3.1420950475237617
3.148137468110074
3.145009416195857
3.150210669371359
3.1306388578720687
3.1403988549313118
3.138419050055155
3.1447927353167477
3.139850218996771
3.1347467035117282
3.1347614543045195
3.142406860745114
3.1396540345965405
3.1390171240535447
3.1398469961089184
3.1395227117452227
3.138237468283619
3.1360730702930475
3.138539888630831
3.1342474286079347
3.1431806723697795
3.137946619629865
3.1464788845195857
3.1408154535605632
3.1315475596864593
3.1442498949432696
3.144156150819856
3.1383127466803025
3.143502553319315
3.1397569166799935
3.1397049113413447
3.140739496336117
3.1330015869598156
3.139877776312266
3.146227265262964
3.1454886932007033
3.1477969905227514
3.1395256853830236
3.13842171283387
3.1402155870647763
3.146851690128432
3.144836801068924
3.1434761019989748
3.145652574486665
3.1536567931377903
3.144821792871715
3.1293494252598593
3.1422546764029207
3.1430806912505105
3.138537341703864
3.1413308461196663
3.131911261437335
3.142001423533081
3.144741432896874
3.1378875039948864
3.143104200610896
3.1411763293914325
3.145468164193931
3.1413671796921845
3.141001380248445
3.135474955166533
3.1423120152635726
3.143076670655136
3.152200783356877
3.147708536761057
3.1505151745980835
3.1504168554780705
3.1406033169233476
3.1381737610635394
3.150465682245539
3.137170829170829
3.1430830577552866
3.136075165253255
3.142080348004094
3.140048835657223
3.139524182964694
3.1377054947866694
3.134061081320647
3.1409752410508256
3.1409940472380464
3.149369404062771
3.1433923296750796
3.1501252881627746
3.1484581709722423
3.1535321505980574
3.1389423173048088
3.148236369760839
3.145044435277485
3.1446512186336895
3.1371834090782023
3.1398047987312316
3.141362805743601
3.1338032663938025
3.1436526637089903
3.1335021332589017
3.138393927287255
3.1460864130260586
3.1412774055298804
3.139270931232378
3.1395193511360318
3.147504866891518
3.1518269643021712
3.131378598362551
3.1414550970825212
3.1393209533370396
3.143243686782771
3.142397164936083
3.1384560694357346
3.1463064939225855
3.146529717512313
3.1377935294658235
3.1419712858976254
3.1290461580201008
3.141963464843906
3.141386899283742
3.1472677420389314
3.1367703059630223
3.141023229756498
3.1492001122649453
3.1466986496660208
3.140511240899272
3.1522599901312227
3.142968
3.1366843279976684
3.143205223611878
3.1432123281912485
3.1419911998686785
3.1385314609840624
3.141890729576304
3.1450388099872635
3.1449147795470913
3.142714742653093
3.144912221715219
3.1365923594859466
3.1378270985073193
3.1416662335221845
3.1410059178690877
3.137108394301885
3.144333242519912
3.1508485532237795
3.14389166746818
3.142809671181433
3.1353700815045022
3.1457539008682835
3.1379423315873796
3.134160747066805
3.1399436371994485
3.146244742639696
3.1452686876128624
3.145054496076523
3.1416917148978354
3.14317449516681
3.140874087408741
3.1325638530383038
3.1490274633921596
3.1397417801892864
3.133473190498221
3.131664731535457
3.149031893626483
3.133346915296486
3.1314552118270607
3.1342731214218986
3.152404797156052
3.1427799978399396
3.140123594966663
3.1424690310809513
3.1377676384688225
3.1379457604118857
3.140371085860101
3.1523748766219697
3.148883324987481
3.144418238678909
3.145385557503422
3.1436610248179973
3.1423332560167005
3.1378999009236472
3.150921432384806
3.1414397618799956
3.1372030291525967
3.1403509473339115
3.1481000481000483
3.146662341407151
3.1462562016233337
3.1425651650474564
3.133091918450691
3.131507013308326
3.1501604106512673
3.13740424478189
3.1389882248584544
3.141532037102961
3.1414349083432995
3.1363418568622126
3.1428811544787676
3.132243483801597
3.1344397544895113
3.1403216772025284
3.1507041067210007
3.1354324416118913
3.1350000199491697
3.1404868761049913
3.1443252761325438
3.137396467199131
3.141974419888177
3.1384214439319207
3.1421835255723174
3.1393800798787828
3.148101240456103
3.1363861663175734
3.1347165155308523
3.1428560004797985
3.142726861832974
3.1348955110676435
3.1360601268350345
3.1348381846036
3.150009019301305
3.131281592627788
3.138643185751572
3.138420922300239
3.1408031730292514
3.1402779888196672
3.1417609967332676
3.1461565267547074
3.1368519028957893
3.137061981688318
3.130353126943873
3.1381894783967765
3.1419177446209017
3.1415029789890245
3.1415000459597393
3.1480721113748635
3.1491006487518143
3.1444113114655674
3.140495603133243
3.1425033903661594
3.1491380762535797
3.1328163643036078
3.1419473705290986
3.1508612052866543
3.1384323135372925
3.147004776183937
3.143439426242295
3.13867588853796
3.1298543495928484
3.1353298437687296
3.1417171414292855
3.14723970595301
3.1531568767505878
3.1291316794654036
3.1419864740485814
3.1404113280922474
3.1483719382374993
3.1417109730318367
3.1492460094649877
3.143622494944844
3.1391438898395894
3.1281078819990835
3.1473136151550953
3.140876037881423
3.1386647805603176
3.133508501513421
3.138560863481911
3.145556921622888
3.1397550445537226
3.1381510349043
3.1359458229182473
3.1370776372454237
3.1515083386194105
3.136490105936438
3.136076656609677
3.142514520068273
3.134206807348679
3.1446874274320766
3.147282913165266
3.1385061580930085
3.1423853768530807
3.1400539161180396
3.1420299018744697
3.1429714153158232
3.149541556701775
3.142905187634876
3.1496139344229452
3.139344262295082
3.1438977047605707
3.1428657093514136
3.148366227894374
3.1381003713019524
3.1358762713691855
3.1386428437178835
3.143747423361258
3.1462287202082915
3.1438708774175486
3.135342516040476
3.1373594551954147
3.14735200243789
3.1492102192298286
3.142843426706032
3.1384967234023837
3.1399925614579542
3.150354518861527
3.1435513180752017
3.142663989183394
3.139032535445038
3.136687487020559
3.1341510585101506
3.1431577768175782
3.141638689048761
3.137567384099349
3.13832704422628
3.1369033583386954
3.1493806714972554
3.157525438441383
3.1405486463790138
3.1436979971651198
3.1403946209877533
3.138478751673293
3.140098066248666
3.144482945099846
3.1460811406143616
3.1346738722629777
3.1460280093204256
3.14302470816186
3.1384223898245502
3.1371196171101885
3.144033795146953
3.136648595051896
3.1426383067225547
3.145381397490042
3.141749794014831
3.1350038128775446
3.1343461019843137
3.1365912685100876
3.1300767291985707
3.12929594866583
3.148560545308741
3.1479859122160985
3.1411605700484637
3.1478784916033224
3.1506775111246643
3.1459468767144134
3.139522429813168
3.1418610694652673
3.139124872568813
3.1339017471343245
3.1437172942437868
3.142119410865861
3.136608573037792
3.145728200445363
3.141696631775148
3.1467958271236958
3.135692296635243
3.136612611316865
3.151663805413384
3.146301466294427
3.140872555684408
3.1452948356243873
3.137512784454104
3.13565761403677
3.149534059377356
3.1473165652034605
3.131285395572336
3.1414104651023274
3.134558735480781
3.1466125052078326
3.145997444964618
3.1397030894529987
3.140226770419929
3.1415210947594114
3.145397472808701
3.1382713878687856
3.133167231413195
3.1444715772618093
3.148508620378647
3.1358309609464525
3.1396850141903507
3.1306729764023333
3.1468005922605946

Mean: 3.14145653859739, Variance: 0.00003113880164506716
