3.1409262317698858
3.1409262317698858
3.1409262317698858
3.1409262317698858
3.1379990654690828
3.1379990654690828
3.1379990654690828
3.1379990654690828
3.1379990654690828
3.1379990654690828
3.1379990654690828
3.1379990654690828
3.1379990654690828
3.1379990654690828
3.1379990654690828
3.1379990654690828
3.1379990654690828
3.1379990654690828
3.1379990654690828
3.1379990654690828
3.1379990654690828
3.1379990654690828
3.1379990654690828
3.1379990654690828
3.1379990654690828
3.1379990654690828
3.1379990654690828
3.1379990654690828
3.1379990654690828
3.1349027088288346
3.1349027088288346
3.1349027088288346
3.1349027088288346
3.1349027088288346
3.1349027088288346
3.1349027088288346
3.1349027088288346
3.1349027088288346
3.1349027088288346
3.1349027088288346
3.1349027088288346
3.1349027088288346
3.1349027088288346
3.1349027088288346
3.1349027088288346
3.1349027088288346
3.1349027088288346
3.1349027088288346
3.1349027088288346
3.1349027088288346
3.1349027088288346
3.1410332790877140
3.1410332790877140
3.1410332790877140
3.1410332790877140
3.1410332790877140
3.1410332790877140
3.1410332790877140
3.1410332790877140
3.1410332790877140
3.1410332790877140
3.1410332790877140
3.1410332790877140
3.1410332790877140
3.1410332790877140
3.1410332790877140
3.1410332790877140
3.1410332790877140
3.1410332790877140
3.1410332790877140
3.1410332790877140
3.1410332790877140
3.1410332790877140
3.1410332790877140
3.1301338458042109
3.1301338458042109
3.1301338458042109
3.1301338458042109
3.1301338458042109
3.1301338458042109
3.1301338458042109
3.1301338458042109
3.1301338458042109
3.1301338458042109
3.1301338458042109
3.1301338458042109
3.1301338458042109
3.1301338458042109
3.1301338458042109
3.1301338458042109
3.1301338458042109
3.1301338458042109
3.1301338458042109
3.1301338458042109
3.1301338458042109
3.1301338458042109
3.1301338458042109
3.1301338458042109
3.1301338458042109
3.1426519310488326
3.1426519310488326
3.1426519310488326
3.1426519310488326
3.1426519310488326
3.1426519310488326
3.1426519310488326
3.1426519310488326
3.1426519310488326
3.1426519310488326
3.1426519310488326
3.1426519310488326
3.1426519310488326
3.1426519310488326
3.1426519310488326
3.1426519310488326
3.1426519310488326
3.1426519310488326
3.1426519310488326
3.1426519310488326
3.1426519310488326
3.1426519310488326
3.1426519310488326
3.1426519310488326
3.1398057941930144
3.1398057941930144
3.1398057941930144
3.1398057941930144
3.1398057941930144
3.1398057941930144
3.1398057941930144
3.1398057941930144
3.1398057941930144
3.1398057941930144
3.1398057941930144
3.1398057941930144
3.1398057941930144
3.1398057941930144
3.1398057941930144
3.1398057941930144
3.1398057941930144
3.1398057941930144
3.1398057941930144
3.1398057941930144
3.1398057941930144
3.1398057941930144
3.1398057941930144
3.1398057941930144
3.1472016150999020
3.1472016150999020
3.1472016150999020
3.1472016150999020
3.1472016150999020
3.1472016150999020
3.1472016150999020
3.1472016150999020
3.1472016150999020
3.1472016150999020
3.1472016150999020
3.1472016150999020
3.1472016150999020
3.1472016150999020
3.1472016150999020
3.1472016150999020
3.1472016150999020
3.1472016150999020
3.1472016150999020
3.1472016150999020
3.1472016150999020
3.1472016150999020
3.1472016150999020
3.1501817992311114
3.1501817992311114
3.1501817992311114
3.1501817992311114
3.1501817992311114
3.1501817992311114
3.1501817992311114
3.1501817992311114
3.1501817992311114
3.1501817992311114
3.1501817992311114
3.1501817992311114
3.1501817992311114
3.1501817992311114
3.1501817992311114
3.1501817992311114
3.1501817992311114
3.1501817992311114
3.1501817992311114
3.1501817992311114
3.1501817992311114
3.1501817992311114
3.1501817992311114
3.1413348154842113
3.1413348154842113
3.1413348154842113
3.1413348154842113
3.1413348154842113
3.1413348154842113
3.1413348154842113
3.1413348154842113
3.1413348154842113
3.1413348154842113
3.1413348154842113
3.1413348154842113
3.1413348154842113
3.1413348154842113
3.1413348154842113
3.1413348154842113
3.1413348154842113
3.1413348154842113
3.1413348154842113
3.1413348154842113
3.1413348154842113
3.1413348154842113
3.1413348154842113
3.1356074240495468
3.1356074240495468
3.1356074240495468
3.1356074240495468
3.1356074240495468
3.1356074240495468
3.1356074240495468
3.1356074240495468
3.1356074240495468
3.1356074240495468
3.1356074240495468
3.1356074240495468
3.1356074240495468
3.1356074240495468
3.1356074240495468
3.1356074240495468
3.1356074240495468
3.1356074240495468
3.1356074240495468
3.1356074240495468
3.1356074240495468
3.1356074240495468
3.1356074240495468
3.1356074240495468
3.1374233373953695
3.1374233373953695
3.1374233373953695
3.1374233373953695
3.1374233373953695
3.1374233373953695
3.1374233373953695
3.1374233373953695
3.1374233373953695
3.1374233373953695
3.1374233373953695
3.1374233373953695
3.1374233373953695
3.1374233373953695
3.1374233373953695
3.1374233373953695
3.1374233373953695
3.1374233373953695
3.1374233373953695
3.1374233373953695
3.1374233373953695
3.1374233373953695
3.1374233373953695
3.1365250422396818
3.1365250422396818
3.1365250422396818
3.1365250422396818
3.1365250422396818
3.1365250422396818
3.1365250422396818
3.1365250422396818
3.1365250422396818
3.1365250422396818
3.1365250422396818
3.1365250422396818
3.1365250422396818
3.1365250422396818
3.1365250422396818
3.1365250422396818
3.1365250422396818
3.1365250422396818
3.1365250422396818
3.1365250422396818
3.1365250422396818
3.1365250422396818
3.1365250422396818
3.1354784825706625
3.1354784825706625
3.1354784825706625
3.1354784825706625
3.1354784825706625
3.1354784825706625
3.1354784825706625
3.1354784825706625
3.1354784825706625
3.1354784825706625
3.1354784825706625
3.1354784825706625
3.1354784825706625
3.1354784825706625
3.1354784825706625
3.1354784825706625
3.1354784825706625
3.1354784825706625
3.1354784825706625
3.1354784825706625
3.1354784825706625
3.1354784825706625
3.1354784825706625
3.1397630322284162
3.1397630322284162
3.1397630322284162
3.1397630322284162
3.1397630322284162
3.1397630322284162
3.1397630322284162
3.1397630322284162
3.1397630322284162
3.1397630322284162
3.1397630322284162
3.1397630322284162
3.1397630322284162
3.1397630322284162
3.1397630322284162
3.1397630322284162
3.1397630322284162
3.1397630322284162
3.1397630322284162
3.1397630322284162
3.1397630322284162
3.1397630322284162
3.1397630322284162
3.1464950547403587
3.1464950547403587
3.1464950547403587
3.1464950547403587
3.1464950547403587
3.1464950547403587
3.1464950547403587
3.1464950547403587
3.1464950547403587
3.1464950547403587
3.1464950547403587
3.1464950547403587
3.1464950547403587
3.1464950547403587
3.1464950547403587
3.1464950547403587
3.1464950547403587
3.1464950547403587
3.1464950547403587
3.1464950547403587
3.1464950547403587
3.1464950547403587
3.1464950547403587
3.1464950547403587
3.1385908333433239
3.1385908333433239
3.1385908333433239
3.1385908333433239
3.1385908333433239
3.1385908333433239
3.1385908333433239
3.1385908333433239
3.1385908333433239
3.1385908333433239
3.1385908333433239
3.1385908333433239
3.1385908333433239
3.1385908333433239
3.1385908333433239
3.1385908333433239
3.1385908333433239
3.1385908333433239
3.1385908333433239
3.1385908333433239
3.1385908333433239
3.1385908333433239
3.1385908333433239
3.1347524807804379
3.1347524807804379
3.1347524807804379
3.1347524807804379
3.1347524807804379
3.1347524807804379
3.1347524807804379
3.1347524807804379
3.1347524807804379
3.1347524807804379
3.1347524807804379
3.1347524807804379
3.1347524807804379
3.1347524807804379
3.1347524807804379
3.1347524807804379
3.1347524807804379
3.1347524807804379
3.1347524807804379
3.1347524807804379
3.1347524807804379
3.1347524807804379
3.1347524807804379
3.1321278556298839
3.1321278556298839
3.1321278556298839
3.1321278556298839
3.1321278556298839
3.1321278556298839
3.1321278556298839
3.1321278556298839
3.1321278556298839
3.1321278556298839
3.1321278556298839
3.1321278556298839
3.1321278556298839
3.1321278556298839
3.1321278556298839
3.1321278556298839
3.1321278556298839
3.1321278556298839
3.1321278556298839
3.1321278556298839
3.1321278556298839
3.1321278556298839
3.1460551165000661
3.1460551165000661
3.1460551165000661
3.1460551165000661
3.1460551165000661
3.1460551165000661
3.1460551165000661
3.1460551165000661
3.1460551165000661
3.1460551165000661
3.1460551165000661
3.1460551165000661
3.1460551165000661
3.1460551165000661
3.1460551165000661
3.1460551165000661
3.1460551165000661
3.1460551165000661
3.1460551165000661
3.1460551165000661
3.1275938735177866
3.1275938735177866
3.1275938735177866
3.1275938735177866
3.1275938735177866
3.1275938735177866
3.1275938735177866
3.1275938735177866
3.1275938735177866
3.1275938735177866
3.1275938735177866
3.1275938735177866
3.1275938735177866
3.1275938735177866
3.1275938735177866
3.1275938735177866
3.1275938735177866
3.1275938735177866
3.1275938735177866
3.1275938735177866
3.1275938735177866
3.1275938735177866
3.1307925698816268
3.1307925698816268
3.1307925698816268
3.1307925698816268
3.1307925698816268
3.1307925698816268
3.1307925698816268
3.1307925698816268
3.1307925698816268
3.1307925698816268
3.1307925698816268
3.1307925698816268
3.1307925698816268
3.1307925698816268
3.1307925698816268
3.1307925698816268
3.1307925698816268
3.1307925698816268
3.1307925698816268
3.1307925698816268
3.1307925698816268
3.1307925698816268
3.1307925698816268
3.1307925698816268
3.1359468820786942
3.1359468820786942
3.1359468820786942
3.1359468820786942
3.1359468820786942
3.1359468820786942
3.1359468820786942
3.1359468820786942
3.1359468820786942
3.1359468820786942
3.1359468820786942
3.1359468820786942
3.1359468820786942
3.1359468820786942
3.1359468820786942
3.1359468820786942
3.1359468820786942
3.1359468820786942
3.1359468820786942
3.1359468820786942
3.1359468820786942
3.1359468820786942
3.1359468820786942
3.1359468820786942
3.1437012129218207
3.1437012129218207
3.1437012129218207
3.1437012129218207
3.1437012129218207
3.1437012129218207
3.1437012129218207
3.1437012129218207
3.1437012129218207
3.1437012129218207
3.1437012129218207
3.1437012129218207
3.1437012129218207
3.1437012129218207
3.1437012129218207
3.1437012129218207
3.1437012129218207
3.1437012129218207
3.1437012129218207
3.1437012129218207
3.1437012129218207
3.1437012129218207
3.1437012129218207
3.1447331533797369
3.1447331533797369
3.1447331533797369
3.1447331533797369
3.1447331533797369
3.1447331533797369
3.1447331533797369
3.1447331533797369
3.1447331533797369
3.1447331533797369
3.1447331533797369
3.1447331533797369
3.1447331533797369
3.1447331533797369
3.1447331533797369
3.1447331533797369
3.1447331533797369
3.1447331533797369
3.1447331533797369
3.1447331533797369
3.1447331533797369
3.1447331533797369
3.1447331533797369
3.1447331533797369
3.1447331533797369
3.1321412752441113
3.1321412752441113
3.1321412752441113
3.1321412752441113
3.1321412752441113
3.1321412752441113
3.1321412752441113
3.1321412752441113
3.1321412752441113
3.1321412752441113
3.1321412752441113
3.1321412752441113
3.1321412752441113
3.1321412752441113
3.1321412752441113
3.1321412752441113
3.1321412752441113
3.1321412752441113
3.1321412752441113
3.1321412752441113
3.1321412752441113
3.1321412752441113
3.1321412752441113
3.1390274513565797
3.1390274513565797
3.1390274513565797
3.1390274513565797
3.1390274513565797
3.1390274513565797
3.1390274513565797
3.1390274513565797
3.1390274513565797
3.1390274513565797
3.1390274513565797
3.1390274513565797
3.1390274513565797
3.1390274513565797
3.1390274513565797
3.1390274513565797
3.1390274513565797
3.1390274513565797
3.1390274513565797
3.1390274513565797
3.1390274513565797
3.1390274513565797
3.1390274513565797
3.1331676632136545
3.1331676632136545
3.1331676632136545
3.1331676632136545
3.1331676632136545
3.1331676632136545
3.1331676632136545
3.1331676632136545
3.1331676632136545
3.1331676632136545
3.1331676632136545
3.1331676632136545
3.1331676632136545
3.1331676632136545
3.1331676632136545
3.1331676632136545
3.1331676632136545
3.1331676632136545
3.1331676632136545
3.1331676632136545
3.1331676632136545
3.1354511044032392
3.1354511044032392
3.1354511044032392
3.1354511044032392
3.1354511044032392
3.1354511044032392
3.1354511044032392
3.1354511044032392
3.1354511044032392
3.1354511044032392
3.1354511044032392
3.1354511044032392
3.1354511044032392
3.1354511044032392
3.1354511044032392
3.1354511044032392
3.1354511044032392
3.1354511044032392
3.1354511044032392
3.1354511044032392
3.1354511044032392
3.1354511044032392
3.1404657001895107
3.1404657001895107
3.1404657001895107
3.1404657001895107
3.1404657001895107
3.1404657001895107
3.1404657001895107
3.1404657001895107
3.1404657001895107
3.1404657001895107
3.1404657001895107
3.1404657001895107
3.1404657001895107
3.1404657001895107
3.1404657001895107
3.1404657001895107
3.1404657001895107
3.1404657001895107
3.1404657001895107
3.1404657001895107
3.1404657001895107
3.1404657001895107
3.1404657001895107
3.1361456224216355
3.1361456224216355
3.1361456224216355
3.1361456224216355
3.1361456224216355
3.1361456224216355
3.1361456224216355
3.1361456224216355
3.1361456224216355
3.1361456224216355
3.1361456224216355
3.1361456224216355
3.1361456224216355
3.1361456224216355
3.1361456224216355
3.1361456224216355
3.1361456224216355
3.1361456224216355
3.1361456224216355
3.1361456224216355
3.1361456224216355
3.1361456224216355
3.1361456224216355
3.1421664371938141
3.1421664371938141
3.1421664371938141
3.1421664371938141
3.1421664371938141
3.1421664371938141
3.1421664371938141
3.1421664371938141
3.1421664371938141
3.1421664371938141
3.1421664371938141
3.1421664371938141
3.1421664371938141
3.1421664371938141
3.1421664371938141
3.1421664371938141
3.1421664371938141
3.1421664371938141
3.1421664371938141
3.1421664371938141
3.1421664371938141
3.1270856141887453
3.1270856141887453
3.1270856141887453
3.1270856141887453
3.1270856141887453
3.1270856141887453
3.1270856141887453
3.1270856141887453
3.1270856141887453
3.1270856141887453
3.1270856141887453
3.1270856141887453
3.1270856141887453
3.1270856141887453
3.1270856141887453
3.1270856141887453
3.1270856141887453
3.1270856141887453
3.1270856141887453
3.1270856141887453
3.1270856141887453
3.1270856141887453
3.1270856141887453
3.1429622344295982
3.1429622344295982
3.1429622344295982
3.1429622344295982
3.1429622344295982
3.1429622344295982
3.1429622344295982
3.1429622344295982
3.1429622344295982
3.1429622344295982
3.1429622344295982
3.1429622344295982
3.1429622344295982
3.1429622344295982
3.1429622344295982
3.1429622344295982
3.1429622344295982
3.1429622344295982
3.1429622344295982
3.1429622344295982
3.1429622344295982
3.1429622344295982
3.1429622344295982
3.1355885522691893
3.1355885522691893
3.1355885522691893
3.1355885522691893
3.1355885522691893
3.1355885522691893
3.1355885522691893
3.1355885522691893
3.1355885522691893
3.1355885522691893
3.1355885522691893
3.1355885522691893
3.1355885522691893
3.1355885522691893
3.1355885522691893
3.1355885522691893
3.1355885522691893
3.1355885522691893
3.1355885522691893
3.1355885522691893
3.1355885522691893
3.1355885522691893
3.1355885522691893
3.1489007729065777
3.1489007729065777
3.1489007729065777
3.1489007729065777
3.1489007729065777
3.1489007729065777
3.1489007729065777
3.1489007729065777
3.1489007729065777
3.1489007729065777
3.1489007729065777
3.1489007729065777
3.1489007729065777
3.1489007729065777
3.1489007729065777
3.1489007729065777
3.1489007729065777
3.1489007729065777
3.1489007729065777
3.1489007729065777
3.1489007729065777
3.1489007729065777
3.1489007729065777
3.1430378429441763
3.1430378429441763
3.1430378429441763
3.1430378429441763
3.1430378429441763
3.1430378429441763
3.1430378429441763
3.1430378429441763
3.1430378429441763
3.1430378429441763
3.1430378429441763
3.1430378429441763
3.1430378429441763
3.1430378429441763
3.1430378429441763
3.1430378429441763
3.1430378429441763
3.1430378429441763
3.1430378429441763
3.1430378429441763
3.1430378429441763
3.1430378429441763
3.1430378429441763
3.1430378429441763
3.1356645032451325
3.1356645032451325
3.1356645032451325
3.1356645032451325
3.1356645032451325
3.1356645032451325
3.1356645032451325
3.1356645032451325
3.1356645032451325
3.1356645032451325
3.1356645032451325
3.1356645032451325
3.1356645032451325
3.1356645032451325
3.1356645032451325
3.1356645032451325
3.1356645032451325
3.1356645032451325
3.1356645032451325
3.1356645032451325
3.1356645032451325
3.1531094137773175
3.1531094137773175
3.1531094137773175
3.1531094137773175
3.1531094137773175
3.1531094137773175
3.1531094137773175
3.1531094137773175
3.1531094137773175
3.1531094137773175
3.1531094137773175
3.1531094137773175
3.1531094137773175
3.1531094137773175
3.1531094137773175
3.1531094137773175
3.1531094137773175
3.1531094137773175
3.1531094137773175
3.1531094137773175
3.1531094137773175
3.1531094137773175
3.1356948642292752
3.1356948642292752
3.1356948642292752
3.1356948642292752
3.1356948642292752
3.1356948642292752
3.1356948642292752
3.1356948642292752
3.1356948642292752
3.1356948642292752
3.1356948642292752
3.1356948642292752
3.1356948642292752
3.1356948642292752
3.1356948642292752
3.1356948642292752
3.1356948642292752
3.1356948642292752
3.1356948642292752
3.1356948642292752
3.1356948642292752
3.1356948642292752
3.1356948642292752
3.1438923229670435
3.1438923229670435
3.1438923229670435
3.1438923229670435
3.1438923229670435
3.1438923229670435
3.1438923229670435
3.1438923229670435
3.1438923229670435
3.1438923229670435
3.1438923229670435
3.1438923229670435
3.1438923229670435
3.1438923229670435
3.1438923229670435
3.1438923229670435
3.1438923229670435
3.1438923229670435
3.1438923229670435
3.1438923229670435
3.1438923229670435
3.1438923229670435
3.1438923229670435
3.1438923229670435
3.1382214901935699
3.1382214901935699
3.1382214901935699
3.1382214901935699
3.1382214901935699
3.1382214901935699
3.1382214901935699
3.1382214901935699
3.1382214901935699
3.1382214901935699
3.1382214901935699
3.1382214901935699
3.1382214901935699
3.1382214901935699
3.1382214901935699
3.1382214901935699
3.1382214901935699
3.1382214901935699
3.1382214901935699
3.1382214901935699
3.1382214901935699
3.1382214901935699
3.1382214901935699
3.1382214901935699
3.1391400996313799
3.1391400996313799
3.1391400996313799
3.1391400996313799
3.1391400996313799
3.1391400996313799
3.1391400996313799
3.1391400996313799
3.1391400996313799
3.1391400996313799
3.1391400996313799
3.1391400996313799
3.1391400996313799
3.1391400996313799
3.1391400996313799
3.1391400996313799
3.1391400996313799
3.1391400996313799
3.1391400996313799
3.1391400996313799
3.1391400996313799
3.1391400996313799
3.1391400996313799
3.1391400996313799
3.1444378146111736
3.1444378146111736
3.1444378146111736
3.1444378146111736
3.1444378146111736
3.1444378146111736
3.1444378146111736
3.1444378146111736
3.1444378146111736
3.1444378146111736
3.1444378146111736
3.1444378146111736
3.1444378146111736
3.1444378146111736
3.1444378146111736
3.1444378146111736
3.1444378146111736
3.1444378146111736
3.1444378146111736
3.1444378146111736
3.1444378146111736
3.1444378146111736
3.1422653866606960
3.1422653866606960
3.1422653866606960
3.1422653866606960
3.1422653866606960
3.1422653866606960

Mean: 3.1390248711136586, Variance: 0.0000331887113320
